10: 0, 1, 2, 3, 35, 5, 38, 6, 9, 11, 22, 26, 29

11: 1, 3, 4, 6, 29

12: 0, 1, 3, 4, 5, 6, 7, 9, 45, 22, 30

13: 0, 1, 3, 4, 6, 7, 8, 10, 15, 22, 31

14: 0, 1, 4, 5, 6, 38, 9, 43, 22, 28, 29

15: 0, 1, 3, 6, 7, 14, 15

16: 0, 1, 34, 3, 4, 5, 6, 7, 8, 9, 15, 21, 22, 29, 31

17: 8, 2, 30

18: 0, 1, 2, 3, 6, 7, 8, 15, 22

19: 1, 34, 3, 4, 5, 6, 7, 45, 15, 22, 28, 31

20: 0, 1, 4, 6

21: 0, 1, 34, 3, 4, 5, 6, 7, 9, 42, 21, 29, 31

22: 0, 1, 34, 3, 4, 5, 6, 7, 9, 11, 15, 48, 17, 21, 22

23: 0, 1, 2, 34, 4, 3, 6, 5, 8, 9, 35, 42, 7, 15, 22, 23, 29, 31

24: 0, 1, 3, 4, 5, 6, 7, 9, 45, 48, 22, 31

25: 0, 3, 4, 5, 35, 7, 9, 43, 45, 22, 28

26: 0, 1, 34, 35, 3, 4, 5, 6, 37, 9, 7, 45, 15, 22, 28

27: 0, 1, 34, 2, 6, 7, 15

28: 0, 2, 3, 4, 5, 6, 7, 9, 21, 22

29: 0, 1, 34, 3, 4, 5, 6, 35, 8, 9, 7, 21, 22, 30

30: 0, 1, 3, 4, 6, 7, 39, 9, 15, 22, 29, 30

31: 0, 1, 3, 4, 6, 7, 40

32: 0, 34, 2, 4, 5, 6, 7, 9, 22, 31

33: 0, 3, 35, 5, 4, 7, 9, 22

34: 0, 1, 3, 35, 5, 6, 8, 9, 11, 45

35: 0, 1, 2, 3, 35, 5, 34, 8, 9, 29, 31

36: 0, 1, 3, 6, 7, 15, 22

37: 0, 3, 6, 9, 30

38: 0, 1, 2, 4, 5, 6, 7, 40, 9, 42, 37, 38, 14, 22, 28, 29, 31

39: 0, 34, 3, 4, 5, 6, 7, 9, 15

40: 0, 1, 3, 4, 5, 6, 38, 40, 9, 7, 43, 15, 29

41: 0, 1, 34, 3, 4, 6, 7, 9, 15, 21, 29, 31

42: 0, 1, 34, 3, 4, 5, 6, 7, 39, 9, 40, 45, 15, 48, 20, 22

43: 0, 2, 3, 4, 5, 6, 35, 9, 28

44: 1, 3, 4, 5, 6, 7, 40, 9, 8, 29, 31

45: 1, 2, 3, 4, 5, 6, 7, 9, 42, 45, 48, 20, 22

46: 1, 2, 3, 6, 8, 15

47: 0, 1, 32, 3, 4, 5, 35, 7, 40, 9, 26, 29, 31

48: 0, 1, 2, 3, 4, 6, 7, 15, 48, 22

49: 0, 2, 3, 6, 7, 8, 15, 17, 49, 29, 30

